172
0.559302325581395
0.559302325581395
0.559302325581395
0.559302325581396
0.559302325581395
0.559302325581395
0.559302325581395
0.559302325581396
0.559302325581395
0.559302325581395
0.559302325581395
0.559302325581395
0.559302325581395
0.559302325581395
0.559302325581395
0.559302325581397
0.559302325581395
0.559302325581395
0.559302325581394
0.559302325581395
0.559302325581397
0.559302325581394
0.559302325581395
0.559302325581395
0.559302325581397
0.559302325581394
0.559302325581395
0.559302325581395
0.559302325581399
0.559302325581392
0.559302325581395
0.559302325581399
0.559302325581392
0.559302325581399
0.559302325581392
0.559302325581399
0.559302325581392
0.559302325581395
0.559302325581395
0.559302325581395
0.559302325581395
0.559302325581399
0.559302325581395
0.559302325581392
0.559302325581399
0.559302325581392
0.559302325581399
0.559302325581392
0.559302325581399
0.559302325581395
0.559302325581395
0.559302325581392
0.559302325581399
0.559302325581392
0.559302325581399
0.559302325581392
0.559302325581399
0.559302325581399
0.559302325581385
0.559302325581399
0.559302325581399
0.559302325581392
0.559302325581399
0.559302325581399
0.559302325581385
0.559302325581399
0.559302325581399
0.559302325581399
0.559302325581392
0.559302325581392
0.559302325581399
0.559302325581399
0.559302325581392
0.559302325581392
0.559302325581399
0.559302325581392
0.559302325581399
0.559302325581392
0.559302325581399
0.559302325581392
0.559302325581399
0.559302325581392
0.559302325581399
0.559302325581399
0.559302325581392
0.559302325581399
0.559302325581392
0.559302325581392
0.559302325581399
0.559302325581399
0.559302325581392
0.559302325581392
0.559302325581399
0.559302325581399
0.559302325581392
0.559302325581392
0.559302325581399
0.559302325581399
0.559302325581385
0.559302325581406
0.559302325581392
0.559302325581399
0.559302325581392
0.559302325581392
0.559302325581399
0.559302325581399
0.559302325581385
0.559302325581399
0.559302325581399
0.559302325581399
0.559302325581399
0.559302325581385
0.559302325581399
0.559302325581399
0.559302325581385
0.559302325581413
0.559302325581385
0.559302325581385
0.559302325581399
0.559302325581399
0.559302325581413
0.559302325581385
0.559302325581399
0.559302325581385
0.559302325581399
0.559302325581399
0.559302325581385
0.559302325581413
0.559302325581385
0.559302325581385
0.559302325581413
0.559302325581385
0.559302325581399
0.559302325581399
0.559302325581385
0.559302325581413
0.559302325581385
0.559302325581399
0.559302325581399
0.559302325581385
0.559302325581399
0.559302325581399
0.559302325581385
0.559302325581413
0.559302325581385
0.559302325581399
0.559302325581399
0.559302325581385
0.559302325581399
0.559302325581399
0.559302325581385
0.559302325581399
0.559302325581399
0.559302325581399
0.559302325581399
0.559302325581385
0.559302325581399
0.559302325581399
0.559302325581399
0.559302325581385
0.559302325581399
0.559302325581399
0.559302325581399
0.559302325581385
0.559302325581399
0.559302325581399
0.559302325581399
0.559302325581399
0.559302325581385
0.559302325581399
0.559302325581399
0.559302325581399