172
1.74659139179111
1.74659139179111
1.74659139179111
1.74663139179111
1.76233139179111
1.77790139179111
1.79334139179111
1.80866139179111
1.82385139179111
1.83891139179111
1.85386139179111
1.86869139179111
1.88341139179111
1.89801139179111
1.91250139179111
1.92689139179111
1.94116139179111
1.95534139179111
1.96941139179111
1.98338139179111
1.99725139179111
2.01102139179111
2.02470139179111
2.03828139179111
2.05177139179111
2.06517139179111
2.07848139179111
2.09170139179111
2.10483139179111
2.11788139179111
2.13085139179111
2.14373139179111
2.15653139179111
2.16925139179111
2.18190139179111
2.19446139179111
2.20695139179111
2.21936139179111
2.23170139179111
2.24397139179111
2.25617139179111
2.26829139179111
2.28034139179111
2.29233139179111
2.30424139179111
2.31609139179111
2.32788139179111
2.33959139179111
2.35125139179111
2.36284139179111
2.37437139179111
2.38583139179111
2.39724139179111
2.40858139179111
2.41987139179111
2.43110139179111
2.44226139179111
2.45338139179111
2.46443139179111
2.47543139179111
2.48638139179111
2.49727139179111
2.50810139179111
2.51889139179111
2.52962139179111
2.54030139179111
2.55093139179111
2.56150139179111
2.57203139179111
2.58251139179111
2.59294139179111
2.60332139179111
2.61365139179111
2.62394139179111
2.63418139179111
2.64437139179111
2.65452139179111
2.66462139179111
2.67468139179111
2.68469139179111
2.69466139179111
2.70459139179111
2.71447139179111
2.72431139179111
2.73411139179111
2.74387139179111
2.75359139179111
2.76327139179111
2.77290139179111
2.78250139179111
2.79206139179111
2.80158139179111
2.81105139179111
2.82050139179111
2.82990139179111
2.83927139179111
2.84860139179111
2.85789139179111
2.86714139179111
2.87636139179111
2.88555139179111
2.89470139179111
2.90381139179111
2.91289139179111
2.92194139179111
2.93095139179111
2.93992139179111
2.94887139179111
2.95778139179111
2.96666139179111
2.97550139179111
2.98432139179111
2.99310139179111
3.00185139179111
3.01057139179111
3.01057139179111
3.01926139179111
3.02791139179111
3.03654139179111
3.04514139179111
3.05370139179111
3.06224139179111
3.07075139179111
3.07923139179111
3.08768139179111
3.09610139179111
3.10449139179111
3.11286139179111
3.12120139179111
3.12951139179111
3.13779139179111
3.14605139179111
3.15427139179111
3.16248139179111
3.17065139179111
3.17880139179111
3.18693139179111
3.19503139179111
3.20310139179111
3.21115139179111
3.21917139179111
3.22717139179111
3.23515139179111
3.24310139179111
3.25103139179111
3.25893139179111
3.26681139179111
3.27467139179111
3.28250139179111
3.29031139179111
3.29810139179111
3.30586139179111
3.31361139179111
3.32133139179111
3.32903139179111
3.33671139179111
3.34437139179111
3.35201139179111
3.35962139179111
3.36722139179111
3.37480139179111
3.38235139179111
3.38989139179111
3.39741139179111
3.40490139179111
3.41238139179111
3.41984139179111
3.42529139179111
3.42529139179111
3.42646139179111
3.47630139179111
3.48106139179111