9.66e-05
9.7021e-05
9.7211e-05
9.73546e-05
9.74737e-05
9.75785e-05
9.76736e-05
9.7759e-05
9.78385e-05
9.79129e-05
9.79825e-05
9.8046e-05
9.81065e-05
9.81636e-05
9.82174e-05
9.82683e-05
9.83147e-05
9.83593e-05
9.84016e-05
9.84418e-05
9.84799e-05
9.8516e-05
9.85502e-05
9.85814e-05
9.86117e-05
9.86407e-05
9.86683e-05
9.86947e-05
9.87199e-05
9.87439e-05
9.87669e-05
9.87888e-05
9.88099e-05
9.883e-05
9.88483e-05
9.88663e-05
9.88838e-05
9.89006e-05
9.89168e-05
9.89325e-05
9.89476e-05
9.89622e-05
9.89763e-05
9.899e-05
9.90032e-05
9.9016e-05
9.90285e-05
9.90406e-05
9.90523e-05
9.90638e-05
9.90749e-05
9.90857e-05
9.90963e-05
9.91066e-05
9.91164e-05
9.91255e-05
9.91348e-05
9.91439e-05
9.91529e-05
9.91617e-05
9.91704e-05
9.9179e-05
9.91874e-05
9.91956e-05
9.92037e-05
9.92117e-05
9.92196e-05
9.92274e-05
9.9235e-05
9.92426e-05
9.925e-05
9.92574e-05
9.92646e-05
9.92718e-05
9.92788e-05
9.92858e-05
9.92927e-05
9.92996e-05
9.93063e-05
9.9313e-05
9.93196e-05
9.93262e-05
9.93327e-05
9.93391e-05
9.93454e-05
9.93517e-05
9.9358e-05
9.93642e-05
9.93703e-05
9.93764e-05
9.93824e-05
9.93884e-05
9.93943e-05
9.93995e-05
9.9405e-05
9.94106e-05
9.94161e-05
9.94217e-05
9.94272e-05
9.94326e-05
9.94381e-05
9.94435e-05
9.94489e-05
9.94542e-05
9.94596e-05
9.94648e-05
9.94701e-05
9.94753e-05
9.94805e-05
9.94857e-05
9.94908e-05
9.94959e-05
9.95009e-05
9.9506e-05
9.9511e-05
9.95159e-05
9.95209e-05
9.95258e-05
9.95307e-05
9.95355e-05
9.95403e-05
9.95451e-05
9.95499e-05
9.95546e-05
9.95593e-05
9.9564e-05
9.95686e-05
9.95732e-05
9.95778e-05
9.95824e-05
9.95869e-05
9.95914e-05
9.95959e-05
9.96003e-05
9.96047e-05
9.96091e-05
9.96135e-05
9.96179e-05
9.96222e-05
9.96265e-05
9.96307e-05
9.9635e-05
9.96392e-05
9.96434e-05
9.96476e-05
9.96517e-05
9.96558e-05
9.96599e-05
9.9664e-05
9.9668e-05
9.9672e-05
9.96757e-05
9.96794e-05
9.96832e-05
9.9687e-05
9.96907e-05
9.96945e-05
9.96983e-05
9.9702e-05
9.97057e-05
9.97094e-05
9.97131e-05
9.97168e-05
9.97205e-05
9.97241e-05
9.97277e-05
9.97313e-05
9.97349e-05
9.97385e-05
9.9742e-05
9.97455e-05
9.9749e-05
9.97525e-05
9.9756e-05
9.97594e-05
9.97629e-05
9.97663e-05
9.97697e-05
9.9773e-05
9.97764e-05
9.97797e-05
9.9783e-05
9.97863e-05
9.97896e-05
9.97929e-05
9.97961e-05
9.97993e-05
9.98025e-05
9.98057e-05
9.98089e-05
9.9812e-05
9.98151e-05
9.98182e-05
9.98213e-05
9.98244e-05
9.98275e-05
9.98305e-05
9.98335e-05
9.98365e-05
9.98395e-05
9.98425e-05
9.98454e-05
9.98484e-05
9.98513e-05
9.98542e-05
9.98571e-05
9.986e-05
9.98628e-05
9.98656e-05
9.98685e-05
9.98713e-05
9.98741e-05
9.98768e-05
9.98796e-05
9.98823e-05
9.9885e-05
9.98877e-05
9.98904e-05
9.98931e-05
9.98958e-05
9.98984e-05
9.9901e-05
9.99037e-05
9.99063e-05
9.99088e-05
9.99114e-05
9.9914e-05
9.99165e-05
9.9919e-05
9.99215e-05
9.9924e-05
9.99265e-05
9.9929e-05
9.99314e-05
9.99339e-05
9.99363e-05
9.99387e-05
9.99411e-05
9.99435e-05
9.99458e-05
9.99482e-05
9.99505e-05
9.99528e-05
9.99549e-05
9.99571e-05
9.99593e-05
9.99615e-05
9.99636e-05
9.99658e-05
9.9968e-05
9.99702e-05
9.99723e-05
9.99745e-05
9.99766e-05
9.99787e-05
9.99809e-05
9.9983e-05
9.99851e-05
9.99872e-05
9.99892e-05
9.99913e-05
9.99933e-05
9.99954e-05
9.99974e-05
9.99994e-05
0.0001
0.0001
0.0001
0.0001
0.0001
0.0001
0.0001
0.0001
0.0001
0.0001
0.0001
0.0001
0.0001
0.0001
0.0001
0.0001
0.0001
0.0001
0.0001
0.0001
0.0001
0.0001
0.0001
0.0001
